-1.9913 -4.746 -1.9694
-1.83 3.6555 -1.8972
-2.0617 1.5573 3.0357
-0.60395 -3.338 0.069786
-2.2571 2.0911 -1.4423
-3.211 3.8583 -1.3464
2.3638 0.076009 1.4433
1.1574 -4.7883 2.5046
-3.5238 -3.1597 1.4507
2.5465 -2.0404 3.8394
2.446 -0.30215 0.98256
-0.4215 -3.6979 3.0989
-1.9979 -1.0356 2.9327
1.2629 0.47586 3.1929
3.4851 1.0316 2.8106
-0.63882 -2.041 -4.6244
-0.43302 -0.83102 -3.8327
-4.3097 -2.4252 4.1358
2.9431 3.4462 0.38148
3.1904 -4.0989 3.0007
-2.7323 -1.1859 4.2223
-4.2039 -1.9454 -1.6928
0.19797 0.78136 3.5393
-2.8681 3.9571 4.6595
-1.7449 -3.3498 -1.0747
-1.4934 0.63191 -2.0027
0.12334 1.7347 -3.4081
-2.8123 2.525 -3.9312
-0.87724 -3.1513 3.4025
-3.2396 -0.41486 0.13123
0.59087 -3.7749 -1.2236
0.57295 -1.1489 -3.3193
-0.15979 3.4439 -3.2519
-2.5792 0.57578 0.65507
-1.1597 -2.427 3.294
4.2536 0.6675 0.33471
-0.58167 -0.65986 1.1777
0.84196 2.0885 -3.5147
2.7383 -4.6004 -0.70508
-0.71549 1.9389 -3.9538
-1.6132 -4.0534 2.1583
0.65126 0.89348 -3.019
-4.8537 3.4876 2.4267
-0.9653 -4.7557 3.5683
3.3826 0.99052 2.8271
0.90201 -4.6072 -1.4282
-4.5137 -2.5139 0.42409
-4.2291 -2.9405 0.73776
-4.7474 -4.508 -3.1537
-4.6932 -0.46895 2.4486
-4.8514 4.779 0.73029
2.9176 0.61557 3.7734
-4.4952 -1.6218 -3.9194
-4.319 -0.35469 2.8195
-1.8076 -4.0954 -1.993
2.186 0.86022 -4.6291
-1.4879 -4.0656 3.1332
-3.5783 -1.2666 1.7413
2.8487 -1.0658 3.6448
-0.71253 0.11209 3.9176
